Epoch: 1
W[0]:1
W[1]:-0.5
W[2]:1
---------------------------------------------------------------

Epoch: 2
W[0]:0.04155202758180038
W[1]:0.7540017357523234
W[2]:0.30000000000000016

Final Weights:
W[0]:0.04155202758180038
W[1]:0.7540017357523234
W[2]:0.30000000000000016
